1683920517,1000000,100,10000,TGAGENCMZS2BA3TORY6SME54RPFSDDZB7QOT3IOVKAQH4F2UR7ZA
1683935492,1543259,66,23382.71212121212,ASOFUE2HAQ7S5TTJLNQWDSG2VHEP2XT2SUPWXE5KL4JQQDPPPOYQ
1683943425,2062724,51,40445.56862745098,BR3GJDACNDSWOLSQDMDAT5YH4J6AZ6JJSIILZLFJBY6P6RIDHG4A
1683959641,14917331,9,1657481.2222222222,7I43FP5Y25VA76MWOEC7MLSXHGCNGXKA73PVJPB6WFMTPLJF6WDA
1683959641,82874062,50,1657481.24,EW2LPEPIVWC3YIXOMXRZRH2ZQ4JFWH4JL2SMXYWYDCV5347UZ4TQ
1683960180,42648008,98,435183.7551020408,UXKVGFXPKYXWS3LDYSGUJO4VBU4OXNT3ZM2VB3E2DU7D6IP7LWYQ
1683961917,37037720,113,327767.4336283186,JO7VFFHBR2KQ52HMPVYHIV6PQ25LKRUDWMS5AFOQ7E7DUJ2C4FLA
1683969886,32485241,129,251823.57364341084,6PVJYPEWFXOA5ET7HCAMEN3VLTCYRUDY6RMDRPY6BJBTDEY7SL3A
1683974932,33485241,127,263663.3149606299,CZTJQP5UAIXGV4NPXU5GLRP6NYNQNAOEPXMCCUQRIL7NQTBSE2QQ
1683994818,34485241,125,275881.928,5HKHZ7ELR7G73S4FSFDFFXPPM2ZFJDPTB4JDU5JXZOEMRNQZ5GTQ
